901477057005
901477057016
901477057020
901477057031
901477057042
901477057053
901477057064
901477057075
901477057086
901477057090
901477057106
901477057110
901477057121
901477057132
901477057143
901477057154
901477057165
901477057176
901477057180
901477057191
901477057200
901477057211
901477057222
901477057233
901477057244
901477057255
901477057266
901477057270
901477057281
901477057292
901477057301
901477057312
901477057323
901477057334
901477057345
901477057356
901477057360
901477057371
901477057382
901477057393
901477057402
901477057413
901477057424
901477057435
901477057446
901477057450
901477057461
901477057472
901477057483
901477057494
901477057503
901477057514
901477057525
901477057536
901477057540
901477057551
901477057562
901477057573
901477057584
901477057595
901477057604
901477057615
901477057626
901477057630
901477057641
901477057652
901477057663
901477057674
901477057685
901477057696
901477057705
901477057716
901477057720
901477057731
901477057742
901477057753
901477057764
901477057775
901477057786
901477057790
901477057806
901477057810
901477057821
901477057832
901477057843
901477057854
901477057865
901477057876
901477057880
901477057891
901477057900
901477057911
901477057922
901477057933
901477057944
901477057955
901477057966
901477057970
901477057981
901477057992
901477058006
901477058010
901477058021
901477058032
901477058043
901477058054
901477058065
901477058076
901477058080
901477058091
901477058100
901477058111
901477058122
901477058133
901477058144
901477058155
901477058166
901477058170
901477058181
901477058192
901477058201
901477058212
901477058223
901477058234
901477058245
901477058256
901477058260
901477058271
901477058282
901477058293
901477058302
901477058313
901477058324
901477058335
901477058346
901477058350
901477058361
901477058372
901477058383
901477058394
901477058403
901477058414
901477058425
901477058436
901477058440
901477058451
901477058462
901477058473
901477058484
901477058495
901477058504
901477058515
901477058526
901477058530
901477058541
901477058552
901477058563
901477058574
901477058585
901477058596
901477058605
901477058616
901477058620
901477058631
901477058642
901477058653
901477058664
901477058675
901477058686
901477058690
901477058706
901477058710
901477058721
901477058732
901477058743
901477058754
901477058765
901477058776
901477058780
901477058791
901477058800
901477058811
901477058822
901477058833
901477058844
901477058855
901477058866
901477058870
901477058881
901477058892
901477058901
901477058912
901477058923
901477058934
901477058945
901477058956
901477058960
901477058971
901477058982
901477058993
901477059000
901477059011
901477059022
901477059033
901477059044
901477059055
901477059066
901477059070
901477059081
901477059092
901477059101
901477059112
901477059123
901477059134
901477059145
901477059156
901477059160
901477059171
901477059182
901477059193
901477059202
901477059213
901477059224
901477059235
901477059246
901477059250
901477059261
901477059272
901477059283
901477059294
901477059303
901477059314
901477059325
901477059336
901477059340
901477059351
901477059362
901477059373
901477059384
901477059395
901477059404
901477059415
901477059426
901477059430
901477059441
901477059452
901477059463
901477059474
901477059485
901477059496
901477059505
901477059516
901477059520
901477059531
901477059542
901477059553
901477059564
901477059575
901477059586
901477059590
901477059606
901477059610
901477059621
901477059632
901477059643
901477059654
901477059665
901477059676
901477059680
901477059691
901477059700
901477059711
901477059722
901477059733
901477059744
901477059755
901477059766
901477059770
901477059781
901477059792
901477059801
901477059812
901477059823
901477059834
901477059845
901477059856
901477059860
901477059871
901477059882
901477059893
901477059902
901477059913
901477059924
901477059935
901477059946
901477059950
901477059961
901477059972
901477059983
901477059994
901477060006
901477060010
901477060021
901477060032
901477060043
901477060054
901477060065
901477060076
901477060080
901477060091
901477060100
901477060111
901477060122
901477060133
901477060144
901477060155
901477060166
901477060170
901477060181
901477060192
901477060201
901477060212
901477060223
901477060234
901477060245
901477060256
901477060260
901477060271
901477060282
901477060293
901477060302
901477060313
901477060324
901477060335
901477060346
901477060350
901477060361
901477060372
901477060383
901477060394
901477060403
901477060414
901477060425
901477060436
901477060440
901477060451
901477060462
901477060473
901477060484
901477060495
901477060504
901477060515
901477060526
901477060530
901477060541
901477060552
901477060563
901477060574
901477060585
901477060596
901477060605
901477060616
901477060620
901477060631
901477060642
901477060653
901477060664
901477060675
901477060686
901477060690
901477060706
901477060710
901477060721
901477060732
901477060743
901477060754
901477060765
901477060776
901477060780
901477060791
901477060800
901477060811
901477060822
901477060833
901477060844
901477060855
901477060866
901477060870
901477060881
901477060892
901477060901
901477060912
901477060923
901477060934
901477060945
901477060956
901477060960
901477060971
901477060982
901477060993
901477061000
901477061011
901477061022
901477061033
901477061044
901477061055
901477061066
901477061070
901477061081
901477061092
901477061101
901477061112
901477061123
901477061134
901477061145
901477061156
901477061160
901477061171
901477061182
901477061193
901477061202
901477061213
901477061224
901477061235
901477061246
901477061250
901477061261
901477061272
901477061283
901477061294
901477061303
901477061314
901477061325
901477061336
901477061340
901477061351
901477061362
901477061373
901477061384
901477061395
901477061404
901477061415
901477061426
901477061430
901477061441
901477061452
901477061463
901477061474
901477061485
901477061496
901477061505
901477061516
901477061520
901477061531
901477061542
901477061553
901477061564
901477061575
901477061586
901477061590
901477061606
901477061610
901477061621
901477061632
901477061643
901477061654
901477061665
901477061676
901477061680
901477061691
901477061700
901477061711
901477061722
901477061733
901477061744
901477061755
901477061766
901477061770
901477061781
901477061792
901477061801
901477061812
901477061823
901477061834
901477061845
901477061856
901477061860
901477061871
901477061882
901477061893
901477061902
901477061913
901477061924
901477061935
901477061946
901477061950
901477061961
901477061972
901477061983
901477061994
901477062001
901477062012
901477062023
901477062034
901477062045
901477062056
901477062060
901477062071
901477062082
901477062093
901477062102
901477062113
901477062124
901477062135
901477062146
901477062150
901477062161
901477062172
901477062183
901477062194
901477062203
901477062214
901477062225
901477062236
901477062240
901477062251
901477062262
901477062273
901477062284
901477062295
901477062304
901477062315
901477062326
901477062330
901477062341
901477062352
901477062363
901477062374
901477062385
901477062396
901477062405
901477062416
901477062420
901477062431
901477062442
901477062453
901477062464
901477062475
901477062486
901477062490
901477062506
901477062510
901477062521
901477062532
901477062543
901477062554
901477062565
901477062576
901477062580
901477062591
901477062600
901477062611
901477062622
901477062633
901477062644
901477062655
901477062666
901477062670
901477062681
901477062692
901477062701
901477062712
901477062723
901477062734
901477062745
901477062756
901477062760
901477062771
901477062782
901477062793
901477062802
901477062813
901477062824
901477062835
901477062846
901477062850
901477062861
901477062872
901477062883
901477062894
901477062903
901477062914
901477062925
901477062936
901477062940
901477062951
901477062962
901477062973
901477062984
901477062995
901477063002
901477063013
901477063024
901477063035
901477063046
901477063050
901477063061
901477063072
901477063083
901477063094
901477063103
901477063114
901477063125
901477063136
901477063140
901477063151
901477063162
901477063173
901477063184
901477063195
901477063204
901477063215
901477063226
901477063230
901477063241
901477063252
901477063263
901477063274
901477063285
901477063296
901477063305
901477063316
901477063320
901477063331
901477063342
901477063353
901477063364
901477063375
901477063386
901477063390
901477063406
901477063410
901477063421
901477063432
901477063443
901477063454
901477063465
901477063476
901477063480
901477063491
901477063500
901477063511
901477063522
901477063533
901477063544
901477063555
901477063566
901477063570
901477063581
901477063592
901477063601
901477063612
901477063623
901477063634
901477063645
901477063656
901477063660
901477063671
901477063682
901477063693
901477063702
901477063713
901477063724
901477063735
901477063746
901477063750
901477063761
901477063772
901477063783
901477063794
901477063803
901477063814
901477063825
901477063836
901477063840
901477063851
901477063862
901477063873
901477063884
901477063895
901477063904
901477063915
901477063926
901477063930
901477063941
901477063952
901477063963
901477063974
901477063985
901477063996
901477064003
901477064014
901477064025
901477064036
901477064040
901477064051
901477064062
901477064073
901477064084
901477064095
901477064104
901477064115
901477064126
901477064130
901477064141
901477064152
901477064163
901477064174
901477064185
901477064196
901477064205
901477064216
901477064220
901477064231
901477064242
901477064253
901477064264
901477064275
901477064286
901477064290
901477064306
901477064310
901477064321
901477064332
901477064343
901477064354
901477064365
901477064376
901477064380
901477064391
901477064400
901477064411
901477064422
901477064433
901477064444
901477064455
901477064466
901477064470
901477064481
901477064492
901477064501
901477064512
901477064523
901477064534
901477064545
901477064556
901477064560
901477064571
901477064582
901477064593
901477064602
901477064613
901477064624
901477064635
901477064646
901477064650
901477064661
901477064672
901477064683
901477064694
901477064703
901477064714
901477064725
901477064736
901477064740
901477064751
901477064762
901477064773
901477064784
901477064795
901477064804
901477064815
901477064826
901477064830
901477064841
901477064852
901477064863
901477064874
901477064885
901477064896
901477064905
901477064916
901477064920
901477064931
901477064942
901477064953
901477064964
901477064975
901477064986
901477064990
901477065004
901477065015
901477065026
901477065030
901477065041
901477065052
901477065063
901477065074
901477065085
901477065096
901477065105
901477065116
901477065120
901477065131
901477065142
901477065153
901477065164
901477065175
901477065186
901477065190
901477065206
901477065210
901477065221
901477065232
901477065243
901477065254
901477065265
901477065276
901477065280
901477065291
901477065300
901477065311
901477065322
901477065333
901477065344
901477065355
901477065366
901477065370
901477065381
901477065392
901477065401
901477065412
901477065423
901477065434
901477065445
901477065456
901477065460
901477065471
901477065482
901477065493
901477065502
901477065513
901477065524
901477065535
901477065546
901477065550
901477065561
901477065572
901477065583
901477065594
901477065603
901477065614
901477065625
901477065636
901477065640
901477065651
901477065662
901477065673
901477065684
901477065695
901477065704
901477065715
901477065726
901477065730
901477065741
901477065752
901477065763
901477065774
901477065785
901477065796
901477065805
901477065816
901477065820
901477065831
901477065842
901477065853
901477065864
901477065875
901477065886
901477065890
901477065906
901477065910
901477065921
901477065932
901477065943
901477065954
901477065965
901477065976
901477065980
901477065991
901477066005
901477066016
901477066020
901477066031
901477066042
901477066053
901477066064
901477066075
901477066086
901477066090
901477066106
901477066110
901477066121
901477066132
901477066143
901477066154
901477066165
901477066176
901477066180
901477066191
901477066200
901477066211
901477066222
901477066233
901477066244
901477066255
901477066266
901477066270
901477066281
901477066292
901477066301
901477066312
901477066323
901477066334
901477066345
901477066356
901477066360
901477066371
901477066382
901477066393
901477066402
901477066413
901477066424
901477066435
901477066446
901477066450
901477066461
901477066472
901477066483
901477066494
901477066503
901477066514
901477066525
901477066536
901477066540
901477066551
901477066562
901477066573
901477066584
901477066595
901477066604
901477066615
901477066626
901477066630
901477066641
901477066652
901477066663
901477066674
901477066685
901477066696
901477066705
901477066716
901477066720
901477066731
901477066742
901477066753
901477066764
901477066775
901477066786
901477066790
901477066806
901477066810
901477066821
901477066832
901477066843
901477066854
901477066865
901477066876
901477066880
901477066891
901477066900
901477066911
901477066922
901477066933
901477066944
901477066955
901477066966
901477066970
901477066981
901477066992
901477067006
901477067010
901477067021
901477067032
901477067043
901477067054
901477067065
901477067076
901477067080
901477067091
901477067100
901477067111
901477067122
901477067133
901477067144
901477067155
901477067166
901477067170
901477067181
901477067192
901477067201
901477067212
901477067223
901477067234
901477067245
901477067256
901477067260
901477067271
901477067282
901477067293
901477067302
901477067313
901477067324
901477067335
901477067346
901477067350
901477067361
901477067372
901477067383
901477067394
901477067403
901477067414
901477067425
901477067436
901477067440
901477067451
901477067462
901477067473
901477067484
901477067495
901477067504
901477067515
901477067526
901477067530
901477067541
901477067552
901477067563
901477067574
901477067585
901477067596
901477067605
901477067616
901477067620
901477067631
901477067642
901477067653
901477067664
901477067675
901477067686
901477067690
901477067706
901477067710
901477067721
901477067732
901477067743
901477067754
901477067765
901477067776
901477067780
901477067791
901477067800
901477067811
901477067822
901477067833
901477067844
901477067855
901477067866
901477067870
901477067881
901477067892
901477067901
901477067912
901477067923
901477067934
901477067945
901477067956
901477067960
901477067971
901477067982
901477067993
901477068000
901477068011
901477068022
901477068033
901477068044
901477068055
901477068066
901477068070
901477068081
901477068092
901477068101
901477068112
901477068123
901477068134
901477068145
901477068156
901477068160
901477068171
901477068182
901477068193
901477068202
901477068213
901477068224
901477068235
901477068246
901477068250
901477068261
901477068272
901477068283
901477068294
901477068303
901477068314
901477068325
901477068336
901477068340
901477068351
901477068362
901477068373
901477068384
901477068395
901477068404
901477068415
901477068426
901477068430
901477068441
901477068452
901477068463
901477068474
901477068485
901477068496
901477068505
901477068516
901477068520
901477068531
901477068542
901477068553
901477068564
901477068575
901477068586
901477068590
901477068606
901477068610
901477068621
901477068632
901477068643
901477068654
901477068665
901477068676
901477068680
901477068691
901477068700
901477068711
901477068722
901477068733
901477068744
901477068755
901477068766
901477068770
901477068781
901477068792
901477068801
901477068812
901477068823
901477068834
901477068845
901477068856
901477068860
901477068871
901477068882
901477068893
901477068902
901477068913
901477068924
901477068935
901477068946
901477068950
901477068961
901477068972
901477068983
901477068994
901477069001
901477069012
901477069023
901477069034
901477069045
901477069056
901477069060
901477069071
901477069082
901477069093
901477069102
901477069113
901477069124
901477069135
901477069146
901477069150
901477069161
901477069172
901477069183
901477069194
901477069203
901477069214
901477069225
901477069236
901477069240
901477069251
901477069262
901477069273
901477069284
901477069295
901477069304
901477069315
901477069326
901477069330
901477069341
901477069352
901477069363
901477069374
901477069385
901477069396
901477069405
901477069416
901477069420
901477069431
901477069442
901477069453
901477069464
901477069475
901477069486
901477069490
901477069506
901477069510
901477069521
901477069532
901477069543
901477069554
901477069565
901477069576
901477069580
901477069591
901477069600
901477069611
901477069622
901477069633
901477069644
901477069655
901477069666
901477069670
901477069681
901477069692
901477069701
901477069712
901477069723
901477069734
901477069745
901477069756
901477069760
901477069771
901477069782
901477069793
901477069802
901477069813
901477069824
901477069835
901477069846
901477069850
901477069861
901477069872
901477069883
901477069894
901477069903
901477069914
901477069925
901477069936
901477069940
901477069951
901477069962
901477069973
901477069984
901477069995
901477070000
901477070011
901477070022
901477070033
901477070044
901477070055
901477070066
901477070070
901477070081
901477070092
901477070101
901477070112
901477070123
901477070134
901477070145
901477070156
901477070160
901477070171
901477070182
901477070193
901477070202
901477070213
901477070224
901477070235
901477070246
901477070250
901477070261
901477070272
901477070283
901477070294
901477070303
901477070314
901477070325
901477070336
901477070340
901477070351
901477070362
901477070373
901477070384
901477070395
901477070404
901477070415
901477070426
901477070430
901477070441
901477070452
901477070463
901477070474
901477070485
901477070496
901477070505
901477070516
901477070520
901477070531
901477070542
901477070553
901477070564
901477070575
901477070586
901477070590
901477070606
901477070610
901477070621
901477070632
901477070643
901477070654
901477070665
901477070676
901477070680
901477070691
901477070700
901477070711
901477070722
901477070733
901477070744
901477070755
901477070766
901477070770
901477070781
901477070792
901477070801
901477070812
901477070823
901477070834
901477070845
901477070856
901477070860
901477070871
901477070882
901477070893
901477070902
901477070913
901477070924
901477070935
901477070946
901477070950
901477070961
901477070972
901477070983
901477070994
901477071001
901477071012
901477071023
901477071034
901477071045
901477071056
901477071060
901477071071
901477071082
901477071093
901477071102
901477071113
901477071124
901477071135
901477071146
901477071150
901477071161
901477071172
901477071183
901477071194
901477071203
901477071214
901477071225
901477071236
901477071240
901477071251
901477071262
901477071273
901477071284
901477071295
901477071304
901477071315
901477071326
901477071330
901477071341
901477071352
901477071363
901477071374
901477071385
901477071396
901477071405
901477071416
901477071420
901477071431
901477071442
901477071453
901477071464
901477071475
901477071486
901477071490
901477071506
901477071510
901477071521
901477071532
901477071543
901477071554
901477071565
901477071576
901477071580
901477071591
901477071600
901477071611
901477071622
901477071633
901477071644
901477071655
901477071666
901477071670
901477071681
901477071692
901477071701
901477071712
901477071723
901477071734
901477071745
901477071756
901477071760
901477071771
901477071782
901477071793
901477071802
901477071813
901477071824
901477071835
901477071846
901477071850
901477071861
901477071872
901477071883
901477071894
901477071903
901477071914
901477071925
901477071936
901477071940
901477071951
901477071962
901477071973
901477071984
901477071995
901477072002
901477072013
901477072024
901477072035
901477072046
901477072050
901477072061
901477072072
901477072083
901477072094
901477072103
901477072114
901477072125
901477072136
901477072140
901477072151
901477072162
901477072173
901477072184
901477072195
901477072204
901477072215
901477072226
901477072230
901477072241
901477072252
901477072263
901477072274
901477072285
901477072296
901477072305
901477072316
901477072320
901477072331
901477072342
901477072353
901477072364
901477072375
901477072386
901477072390
901477072406
901477072410
901477072421
901477072432
901477072443
901477072454
901477072465
901477072476
901477072480
901477072491
901477072500
901477072511
901477072522
901477072533
901477072544
901477072555
901477072566
901477072570
901477072581
901477072592
901477072601
901477072612
901477072623
901477072634
901477072645
901477072656
901477072660
901477072671
901477072682
901477072693
901477072702
901477072713
901477072724
901477072735
901477072746
901477072750
901477072761
901477072772
901477072783
901477072794
901477072803
901477072814
901477072825
901477072836
901477072840
901477072851
901477072862
901477072873
901477072884
901477072895
901477072904
901477072915
901477072926
901477072930
901477072941
901477072952
901477072963
901477072974
901477072985
901477072996
901477073003
901477073014
901477073025
901477073036
901477073040
901477073051
901477073062
901477073073
901477073084
901477073095
901477073104
901477073115
901477073126
901477073130
901477073141
901477073152
901477073163
901477073174
901477073185
901477073196
901477073205
901477073216
901477073220
901477073231
901477073242
901477073253
901477073264
901477073275
901477073286
901477073290
901477073306
901477073310
901477073321
901477073332
901477073343
901477073354
901477073365
901477073376
901477073380
901477073391
901477073400
901477073411
901477073422
901477073433
901477073444
901477073455
901477073466
901477073470
901477073481
901477073492
901477073501
901477073512
901477073523
901477073534
901477073545
901477073556
901477073560
901477073571
901477073582
901477073593
901477073602
901477073613
901477073624
901477073635
901477073646
901477073650
901477073661
901477073672
901477073683
901477073694
901477073703
901477073714
901477073725
901477073736
901477073740
901477073751
901477073762
901477073773
901477073784
901477073795
901477073804
901477073815
901477073826
901477073830
901477073841
901477073852
901477073863
901477073874
901477073885
901477073896
901477073905
901477073916
901477073920
901477073931
901477073942
901477073953
901477073964
901477073975
901477073986
901477073990
901477074004
901477074015
901477074026
901477074030
901477074041
901477074052
901477074063
901477074074
901477074085
901477074096
901477074105
901477074116
901477074120
901477074131
901477074142
901477074153
901477074164
901477074175
901477074186
901477074190
901477074206
901477074210
901477074221
901477074232
901477074243
901477074254
901477074265
901477074276
901477074280
901477074291
901477074300
901477074311
901477074322
901477074333
901477074344
901477074355
901477074366
901477074370
901477074381
901477074392
901477074401
901477074412
901477074423
901477074434
901477074445
901477074456
901477074460
901477074471
901477074482
901477074493
901477074502
901477074513
901477074524
901477074535
901477074546
901477074550
901477074561
901477074572
901477074583
901477074594
901477074603
901477074614
901477074625
901477074636
901477074640
901477074651
901477074662
901477074673
901477074684
901477074695
901477074704
901477074715
901477074726
901477074730
901477074741
901477074752
901477074763
901477074774
901477074785
901477074796
901477074805
901477074816
901477074820
901477074831
901477074842
901477074853
901477074864
901477074875
901477074886
901477074890
901477074906
901477074910
901477074921
901477074932
901477074943
901477074954
901477074965
901477074976
901477074980
901477074991
901477075005
901477075016
901477075020
901477075031
901477075042
901477075053
901477075064
901477075075
901477075086
901477075090
901477075106
901477075110
901477075121
901477075132
901477075143
901477075154
901477075165
901477075176
901477075180
901477075191
901477075200
901477075211
901477075222
901477075233
901477075244
901477075255
901477075266
901477075270
901477075281
901477075292
901477075301
901477075312
901477075323
901477075334
901477075345
901477075356
901477075360
901477075371
901477075382
901477075393
901477075402
901477075413
901477075424
901477075435
901477075446
901477075450
901477075461
901477075472
901477075483
901477075494
901477075503
901477075514
901477075525
901477075536
901477075540
901477075551
901477075562
901477075573
901477075584
901477075595
901477075604
901477075615
901477075626
901477075630
901477075641
901477075652
901477075663
901477075674
901477075685
901477075696
901477075705
901477075716
901477075720
901477075731
901477075742
901477075753
901477075764
901477075775
901477075786
901477075790
901477075806
901477075810
901477075821
901477075832
901477075843
901477075854
901477075865
901477075876
901477075880
901477075891
901477075900
901477075911
901477075922
901477075933
901477075944
901477075955
901477075966
901477075970
901477075981
901477075992
901477076006
901477076010
901477076021
901477076032
901477076043
901477076054
901477076065
901477076076
901477076080
901477076091
901477076100
901477076111
901477076122
901477076133
901477076144
901477076155
901477076166
901477076170
901477076181
901477076192
901477076201
901477076212
901477076223
901477076234
901477076245
901477076256
901477076260
901477076271
901477076282
901477076293
901477076302
901477076313
901477076324
901477076335
901477076346
901477076350
901477076361
901477076372
901477076383
901477076394
901477076403
901477076414
901477076425
901477076436
901477076440
901477076451
901477076462
901477076473
901477076484
901477076495
901477076504
901477076515
901477076526
901477076530
901477076541
901477076552
901477076563
901477076574
901477076585
901477076596
901477076605
901477076616
901477076620
901477076631
901477076642
901477076653
901477076664
901477076675
901477076686
901477076690
901477076706
901477076710
901477076721
901477076732
901477076743
901477076754
901477076765
901477076776
901477076780
901477076791
901477076800
901477076811
901477076822
901477076833
901477076844
901477076855
901477076866
901477076870
901477076881
901477076892
901477076901
901477076912
901477076923
901477076934
901477076945
901477076956
901477076960
901477076971
901477076982
901477076993
901477077000
901477077011
901477077022
901477077033
901477077044
901477077055
901477077066
901477077070
901477077081
901477077092
901477077101
901477077112
901477077123
901477077134
901477077145
901477077156
901477077160
901477077171
901477077182
901477077193
901477077202
901477077213
901477077224
901477077235
901477077246
901477077250
901477077261
901477077272
901477077283
901477077294
901477077303
901477077314
901477077325
901477077336
901477077340
901477077351
901477077362
901477077373
901477077384
901477077395
901477077404
901477077415
901477077426
901477077430
901477077441
901477077452
901477077463
901477077474
901477077485
901477077496
901477077505
901477077516
901477077520
901477077531
901477077542
901477077553
901477077564
901477077575
901477077586
901477077590
901477077606
901477077610
901477077621
901477077632
901477077643
901477077654
901477077665
901477077676
901477077680
901477077691
901477077700
901477077711
901477077722
901477077733
901477077744
901477077755
901477077766
901477077770
901477077781
901477077792
901477077801
901477077812
901477077823
901477077834
901477077845
901477077856
901477077860
901477077871
901477077882
901477077893
901477077902
901477077913
901477077924
901477077935
901477077946
901477077950
901477077961
901477077972
901477077983
901477077994
901477078001
901477078012
901477078023
901477078034
901477078045
901477078056
901477078060
901477078071
901477078082
901477078093
901477078102
901477078113
901477078124
901477078135
901477078146
901477078150
901477078161
901477078172
901477078183
901477078194
901477078203
901477078214
901477078225
901477078236
901477078240
901477078251
901477078262
901477078273
901477078284
901477078295
901477078304
901477078315
901477078326
901477078330
901477078341
901477078352
901477078363
901477078374
901477078385
901477078396
901477078405
901477078416
901477078420
901477078431
901477078442
901477078453
901477078464
901477078475
901477078486
901477078490
901477078506
901477078510
901477078521
901477078532
901477078543
901477078554
901477078565
901477078576
901477078580
901477078591
901477078600
901477078611
901477078622
901477078633
901477078644
901477078655
901477078666
901477078670
901477078681
901477078692
901477078701
901477078712
901477078723
901477078734
901477078745
901477078756
901477078760
901477078771
901477078782
901477078793
901477078802
901477078813
901477078824
901477078835
901477078846
901477078850
901477078861
901477078872
901477078883
901477078894
901477078903
901477078914
901477078925
901477078936
901477078940
901477078951
901477078962
901477078973
901477078984
901477078995
901477079002
901477079013
901477079024
901477079035
901477079046
901477079050
901477079061
901477079072
901477079083
901477079094
901477079103
901477079114
901477079125
901477079136
901477079140
901477079151
901477079162
901477079173
901477079184
901477079195
901477079204
901477079215
901477079226
901477079230
901477079241
901477079252
901477079263
901477079274
901477079285
901477079296
901477079305
901477079316
901477079320
901477079331
901477079342
901477079353
901477079364
901477079375
901477079386
901477079390
901477079406
901477079410
901477079421
901477079432
901477079443
901477079454
901477079465
901477079476
901477079480
901477079491
901477079500
901477079511
901477079522
901477079533
901477079544
901477079555
901477079566
901477079570
901477079581
901477079592
901477079601
901477079612
901477079623
901477079634
901477079645
901477079656
901477079660
901477079671
901477079682
901477079693
901477079702
901477079713
901477079724
901477079735
901477079746
901477079750
901477079761
901477079772
901477079783
901477079794
901477079803
901477079814
901477079825
901477079836
901477079840
901477079851
901477079862
901477079873
901477079884
901477079895
901477079904
901477079915
901477079926
901477079930
901477079941
901477079952
901477079963
901477079974
901477079985
901477079996
901477080001
901477080012
901477080023
901477080034
901477080045
901477080056
901477080060
901477080071
901477080082
901477080093
901477080102
901477080113
901477080124
901477080135
901477080146
901477080150
901477080161
901477080172
901477080183
901477080194
901477080203
901477080214
901477080225
901477080236
901477080240
901477080251
901477080262
901477080273
901477080284
901477080295
901477080304
901477080315
901477080326
901477080330
901477080341
901477080352
901477080363
901477080374
901477080385
901477080396
901477080405
901477080416
901477080420
901477080431
901477080442
901477080453
901477080464
901477080475
901477080486
901477080490
901477080506
901477080510
901477080521
901477080532
901477080543
901477080554
901477080565
901477080576
901477080580
901477080591
901477080600
901477080611
901477080622
901477080633
901477080644
901477080655
901477080666
901477080670
901477080681
901477080692
901477080701
901477080712
901477080723
901477080734
901477080745
901477080756
901477080760
901477080771
901477080782
901477080793
901477080802
901477080813
901477080824
901477080835
901477080846
901477080850
901477080861
901477080872
901477080883
901477080894
901477080903
901477080914
901477080925
901477080936
901477080940
901477080951
901477080962
901477080973
901477080984
901477080995
901477081002
901477081013
901477081024
901477081035
901477081046
901477081050
901477081061
901477081072
901477081083
901477081094
901477081103
901477081114
901477081125
901477081136
901477081140
901477081151
901477081162
901477081173
901477081184
901477081195
901477081204
901477081215
901477081226
901477081230
901477081241
901477081252
901477081263
901477081274
901477081285
901477081296
901477081305
901477081316
901477081320
901477081331
901477081342
901477081353
901477081364
901477081375
901477081386
901477081390
901477081406
901477081410
901477081421
901477081432
901477081443
901477081454
901477081465
901477081476
901477081480
901477081491
901477081500
901477081511
901477081522
901477081533
901477081544
901477081555
901477081566
901477081570
901477081581
901477081592
901477081601
901477081612
901477081623
901477081634
901477081645
901477081656
901477081660
901477081671
901477081682
901477081693
901477081702
901477081713
901477081724
901477081735
901477081746
901477081750
901477081761
901477081772
901477081783
901477081794
901477081803
901477081814
901477081825
901477081836
901477081840
901477081851
901477081862
901477081873
901477081884
901477081895
901477081904
901477081915
901477081926
901477081930
901477081941
901477081952
901477081963
901477081974
901477081985
901477081996
901477082003
901477082014
901477082025
901477082036
901477082040
901477082051
901477082062
901477082073
901477082084
901477082095
901477082104
901477082115
901477082126
901477082130
901477082141
901477082152
901477082163
901477082174
901477082185
901477082196
901477082205
901477082216
901477082220
901477082231
901477082242
901477082253
901477082264
901477082275
901477082286
901477082290
901477082306
901477082310
901477082321
901477082332
901477082343
901477082354
901477082365
901477082376
901477082380
901477082391
901477082400
901477082411
901477082422
901477082433
901477082444
901477082455
901477082466
901477082470
901477082481
901477082492
901477082501
901477082512
901477082523
901477082534
901477082545
901477082556
901477082560
901477082571
901477082582
901477082593
901477082602
901477082613
901477082624
901477082635
901477082646
901477082650
901477082661
901477082672
901477082683
901477082694
901477082703
901477082714
901477082725
901477082736
901477082740
901477082751
901477082762
901477082773
901477082784
901477082795
901477082804
901477082815
901477082826
901477082830
901477082841
901477082852
901477082863
901477082874
901477082885
901477082896
901477082905
901477082916
901477082920
901477082931
901477082942
901477082953
901477082964
901477082975
901477082986
901477082990
901477083004
901477083015
901477083026
901477083030
901477083041
901477083052
901477083063
901477083074
901477083085
901477083096
901477083105
901477083116
901477083120
901477083131
901477083142
901477083153
901477083164
901477083175
901477083186
901477083190
901477083206
901477083210
901477083221
901477083232
901477083243
901477083254
901477083265
901477083276
901477083280
901477083291
901477083300
901477083311
901477083322
901477083333
901477083344
901477083355
901477083366
901477083370
901477083381
901477083392
901477083401
901477083412
901477083423
901477083434
901477083445
901477083456
901477083460
901477083471
901477083482
901477083493
901477083502
901477083513
901477083524
901477083535
901477083546
901477083550
901477083561
901477083572
901477083583
901477083594
901477083603
901477083614
901477083625
901477083636
901477083640
901477083651
901477083662
901477083673
901477083684
901477083695
901477083704
901477083715
901477083726
901477083730
901477083741
901477083752
901477083763
901477083774
901477083785
901477083796
901477083805
901477083816
901477083820
901477083831
901477083842
901477083853
901477083864
901477083875
901477083886
901477083890
901477083906
901477083910
901477083921
901477083932
901477083943
901477083954
901477083965
901477083976
901477083980
901477083991
901477084005
901477084016
901477084020
901477084031
901477084042
901477084053
901477084064
901477084075
901477084086
901477084090
901477084106
901477084110
901477084121
901477084132
901477084143
901477084154
901477084165
901477084176
901477084180
901477084191
901477084200
901477084211
901477084222
901477084233
901477084244
901477084255
901477084266
901477084270
901477084281
901477084292
901477084301
901477084312
901477084323
901477084334
901477084345
901477084356
901477084360
901477084371
901477084382
901477084393
901477084402
901477084413
901477084424
901477084435
901477084446
901477084450
901477084461
901477084472
901477084483
901477084494
901477084503
901477084514
901477084525
901477084536
901477084540
901477084551
901477084562
901477084573
901477084584
901477084595
901477084604
901477084615
901477084626
901477084630
901477084641
901477084652
901477084663
901477084674
901477084685
901477084696
901477084705
901477084716
901477084720
901477084731
901477084742
901477084753
901477084764
901477084775
901477084786
901477084790
901477084806
901477084810
901477084821
901477084832
901477084843
901477084854
901477084865
901477084876
901477084880
901477084891
901477084900
901477084911
901477084922
901477084933
901477084944
901477084955
901477084966
901477084970
901477084981
901477084992
901477085006
901477085010
901477085021
901477085032
901477085043
901477085054
901477085065
901477085076
901477085080
901477085091
901477085100
901477085111
901477085122
901477085133
901477085144
901477085155
901477085166
901477085170
901477085181
901477085192
901477085201
901477085212
901477085223
901477085234
901477085245
901477085256
901477085260
901477085271
901477085282
901477085293
901477085302
901477085313
901477085324
901477085335
901477085346
901477085350
901477085361
901477085372
901477085383
901477085394
901477085403
901477085414
901477085425
901477085436
901477085440
901477085451
901477085462
901477085473
901477085484
901477085495
901477085504
901477085515
901477085526
901477085530
901477085541
901477085552
901477085563
901477085574
901477085585
901477085596
901477085605
901477085616
901477085620
901477085631
901477085642
901477085653
901477085664
901477085675
901477085686
901477085690
901477085706
901477085710
901477085721
901477085732
901477085743
901477085754
901477085765
901477085776
901477085780
901477085791
901477085800
901477085811
901477085822
901477085833
901477085844
901477085855
901477085866
901477085870
901477085881
901477085892
901477085901
901477085912
901477085923
901477085934
901477085945
901477085956
901477085960
901477085971
901477085982
901477085993
901477086000
901477086011
901477086022
901477086033
901477086044
901477086055
901477086066
901477086070
901477086081
901477086092
901477086101
901477086112
901477086123
901477086134
901477086145
901477086156
901477086160
901477086171
901477086182
901477086193
901477086202
901477086213
901477086224
901477086235
901477086246
901477086250
901477086261
901477086272
901477086283
901477086294
901477086303
901477086314
901477086325
901477086336
901477086340
901477086351
901477086362
901477086373
901477086384
901477086395
901477086404
901477086415
901477086426
901477086430
901477086441
901477086452
901477086463
901477086474
901477086485
901477086496
901477086505
901477086516
901477086520
901477086531
901477086542
901477086553
901477086564
901477086575
901477086586
901477086590
901477086606
901477086610
901477086621
901477086632
901477086643
901477086654
901477086665
901477086676
901477086680
901477086691
901477086700
901477086711
901477086722
901477086733
901477086744
901477086755
901477086766
901477086770
901477086781
901477086792
901477086801
901477086812
901477086823
901477086834
901477086845
901477086856
901477086860
901477086871
901477086882
901477086893
901477086902
901477086913
901477086924
901477086935
901477086946
901477086950
901477086961
901477086972
901477086983
901477086994